Dataset/FaceData/processed\Chi\236139791_388594772633308_6372531788226555585_n.png 267 362 454 625
Dataset/FaceData/processed\Chi\237116333_388594862633299_6477740259074067530_n.png 498 425 633 594
Dataset/FaceData/processed\Chi\239160538_388594785966640_5025361076466242213_n.png 396 354 540 530
Dataset/FaceData/processed\Chi\240443800_388594809299971_8712243724069309003_n.png 328 544 506 741
Dataset/FaceData/processed\Chi\240478109_388594855966633_840275243004702111_n.png 542 534 670 696
Dataset/FaceData/processed\Chi\240528477_387937442699041_2864913507220730184_n.png 713 172 911 410
Dataset/FaceData/processed\Chi\240545521_388594745966644_3272447028226309532_n.png 345 485 478 677
Dataset/FaceData/processed\Chi\240554498_388594865966632_594108122817074903_n.png 496 267 695 458
Dataset/FaceData/processed\Chi\240563959_388594832633302_2827856005364777299_n.png 387 318 551 538
Dataset/FaceData/processed\Tùng\192126116_341899020625831_3016429675776860748_n.png 309 506 421 645
Dataset/FaceData/processed\Tùng\195293483_346717673477299_3866470591841877886_n.png 440 174 1015 813
Dataset/FaceData/processed\Tùng\200836501_356373969178336_1154686766299886564_n.png 576 213 641 286
Dataset/FaceData/processed\Tùng\202183288_360664485415951_6170219423110461505_n.png 356 289 543 527
Dataset/FaceData/processed\Tùng\204310144_358299828985750_77696031572686746_n.png 896 636 1134 923
Dataset/FaceData/processed\Tùng\208149345_358231992325867_1697523221403640908_n.png 839 416 1022 652
Dataset/FaceData/processed\Tùng\216161148_369924881156578_568695976031759007_n.png 701 342 993 688
Dataset/FaceData/processed\Tùng\218253853_369924487823284_6713742023652241618_n.png 683 732 788 852
Dataset/FaceData/processed\Tùng\218886624_369925087823224_5750218577708656242_n.png 743 292 1128 796
Dataset/FaceData/processed\Tùng\241978876_403471677801898_6886309111337814635_n.png 392 266 784 794
